695 91 3 206 504 614
508 12 6 256 283 379 399 487 501
453 93 2 344 442
950 49 3 819 874 924
113 34 3 6 67 103
47 5 0
390 108 2 147 367
993 485 1 937
31 9 2 9 23
138 48 1 128
216 7 5 140 153 170 189 209
482 213 2 177 469
460 99 2 244 427
650 157 2 392 624
338 90 2 145 247
657 6 6 416 459 567 592 632 646
666 289 2 111 634
775 86 1 743
691 207 3 41 412 676
197 10 2 76 181
247 110 1 155
79 13 4 11 28 52 67
835 125 1 113
669 274 1 507
942 393 2 315 830
22 2 2 9 11
16 3 2 6 10
33 5 0
864 76 2 414 838
373 2 6 200 300 308 353 358 366
